1714120111
1655585249
1341947575
7691817879
1583476919
1015903457
1923415479
1226061708
7130298880
7605859704
7926288787
6617875834
726629396
7796260248
547060499
7642501114
1342753940
7772634707
107602504
6105724253
5717135725
7988364636
7377167109
7764527142
94675885
1131150026
6333210794
6910436036
1989732383
7096725222
1078401181
8161448044
5237169900
855890735
7096213572
352136466
1185731931
6204024154
5009186218
892742378
1588797510
7556953433
1245422453
6902162058
1798357610
7485721661
8131879583
8575736033
7401953632
7578721431
77797474
771900180
5051445190
6701782773
5872898433
5874221761
1274978586
1598069266
7993761095
7899224931
1325447092
5459345903
5197524568
6520005489
5294695497